1212666183767969
1210910362640090
1207068409700837
1209153597641711
1211397477400802
1208412549274831
1209235994665170
1209170442156502
1209151792902126
1209094550834979
1209094550834976
1208182105069065
1208764056725261
1206072207137624
1206072207137655
1208700893311011
1208700893310996
1208663473038306
1208652477335886
1208393226174844
1208561946133831
1208502556546215
1208212632311995
1209661703146902
1209187822728044
1209633835089542
1207068409700840
1207068409700830
1209445198918105
1209369985221960
1206825686181260
1209311645799019
1209275800752688
1209116270690908
1208726241180972
1206072207137659
1207247856993891
1209369415965291
1209094781424386
1208702551487094
1209466729334357
1212955372720028
1212955368760383
1212955372729195
1212955371981515
1212955372735433
1212955373192693
1212879706977817
1212955368765135
